Alert,2009	0.482820644	0.123498554	0.210247272	0.08671273502
Alert,2010	3.023419296	0.112834561	1.0196170185	0.703639239651
Alert,2011	0.965462465	0.193144122	0.325022179	0.20930037163
Alert,2012	0.78793587	0.187855861	0.407529079	0.15133750515
Alert,2013	0.976627	0.16391192	0.356247348	0.199903076248
Alert,2014	0.739146748	0.137790273	0.3172857165	0.1313820382
Alert,2015	0.564320877	0.171283293	0.312892296	0.109639252687
Alert,2016	0.566544234	0.211878117	0.3317545675	0.0868067720788
Alert,2017	0.203981665	0.179610712	0.194217811	0.0122654225111
Alert_EnvCan,2011	1.760708519	0.012690493	0.019737081	0.73933127254
Amherstburg,2009	0.054562279	0.000438779	0.0185149375	0.0122450911167
Amherstburg,2010	0.198879352	0.002662432	0.017726528	0.0266182125615
Amherstburg,2011	0.090341862	0.006358628	0.024134368	0.0100267983016
Amherstburg,2012	0.04998624	0.005288899	0.0230733255	0.0100074065913
Amherstburg,2013	0.041759024	0.004387904	0.0242413895	0.0091044336596
Amherstburg,2014	0.072649218	0.001523128	0.023078033	0.00920179043329
Amherstburg,2015	0.052795922	0.006547425	0.029060345	0.0103461538818
Amherstburg,2016	0.04189004	0.004667808	0.023359227	0.00896751434492
Amherstburg,2017	0.041784696	0.008732667	0.023650855	0.00841036234025
Calgary,2009	0.065252723	0.020051935	0.025814726	0.00931257031483
Calgary,2010	0.044325428	0.018081144	0.0321956705	0.00677555152106
Calgary,2011	0.048087564	0.020457997	0.033979035	0.00715696803254
Calgary,2012	0.047343262	0.020319003	0.028990758	0.00742242112191
Calgary,2013	0.041376162	0.017130017	0.029274726	0.00674729393681
Calgary,2014	0.046427376	0.02068606	0.0320165845	0.00723563577652
Calgary,2015	0.052854781	0.020424331	0.0330186605	0.00807138891874
Calgary,2016	0.055559835	0.022660133	0.026690545	0.00758774187008
Calgary,2017	0.047307536	0.024288383	0.04005918	0.00892952153365
Charlottetown,2009	0.104271887	0.019529241	0.03044427	0.0147815231699
Charlottetown,2010	0.059191119	0.019267294	0.031505504	0.00887941182583
Charlottetown,2011	0.110958521	0.020985737	0.029870306	0.0133154085003
Charlottetown,2012	0.047421108	0.020763877	0.0297143725	0.00663830102946
Charlottetown,2013	0.046492914	0.019699196	0.03273073	0.00667038356885
Charlottetown,2014	0.052117417	0.01856619	0.0284758775	0.00786125611976
Charlottetown,2015	0.217593551	0.021625946	0.026495074	0.0294846416871
Charlottetown,2016	0.04620137	0.020381417	0.0278828635	0.00747106750248
Charlottetown,2017	0.051295442	0.023211428	0.026491108	0.0104552442559
Churchill,2009	0.04430336	0.007596003	0.0252424105	0.00986529530773
Churchill,2010	0.057699992	0.009975743	0.029959381	0.0111457233816
Churchill,2011	0.059267189	0.007690105	0.027829667	0.0118563143446
Churchill,2012	0.063844568	0.010038339	0.026615929	0.011838141428
Churchill,2013	12.56827513	0.014209945	0.0371233265	3.13429717789
Churchill,2014	0.027056589	0.006233716	0.0166451525	0.0147239947021
Churchill,2015	0.056370817	0.011177496	0.025974587	0.0158118171761
Churchill,2016	0.051100561	0.004957795	0.01673168	0.0128551270268
Coral Harbour,2009	0.104415696	0.011300557	0.034208257	0.0166151917306
Coral Harbour,2010	0.100232348	0.026137317	0.063003063	0.0265755010332
Coral Harbour,2012	0.083122737	0.024386492	0.037384059	0.0183058949563
Coral Harbour,2013	0.065181616	0.007517546	0.038029726	0.0144311176063
Coral Harbour,2014	0.045998573	0.006409529	0.036522503	0.0149949233181
Coral Harbour,2015	0.146528397	0.005483167	0.030460175	0.0326654126503
Coral Harbour,2016	0.137449115	0.010692398	0.033231854	0.0263344189684
Coral Harbour,2017	0.044797231	0.028880984	0.029654849	0.00897419929796
Digby,2009	0.063982887	0.01748294	0.025075315	0.00884783049015
Digby,2010	0.063696607	0.013606135	0.028944043	0.0105325896117
Digby,2011	0.095642863	0.01747982	0.031467211	0.0135894785919
Digby,2012	0.063652577	0.014738553	0.0268770375	0.0085846722077
Digby,2013	0.057456783	0.014359831	0.0314968985	0.00908105147988
Digby,2014	0.053405505	0.018070067	0.0286162725	0.00835447719831
Digby,2015	0.056942366	0.010087186	0.026825631	0.00947616521654
Digby,2016	0.046437404	0.016888443	0.027271221	0.0073730724243
Digby,2017	0.058342407	0.02478386	0.034347289	0.0115040434123
Edmonton,2009	0.076034485	0.011569251	0.030186455	0.0109134399498
Edmonton,2010	0.053448399	0.014547347	0.030229242	0.009031180816
Edmonton,2011	0.050987044	0.011465248	0.029314238	0.00726085380562
Edmonton,2012	0.046239337	0.019939542	0.030487829	0.0067879983837
Edmonton,2013	0.061289508	0.021859955	0.0370981445	0.00795880760047
Edmonton,2014	0.055278301	0.022117329	0.030261367	0.00770204193949
Edmonton,2015	0.047159543	0.021072391	0.027512783	0.00762941211814
Edmonton,2016	0.047746718	0.014047703	0.0288520615	0.00869419607526
Edmonton,2017	0.04545544	0.024174681	0.037865954	0.00864836009704
Goose Bay,2009	0.050049621	0.021727781	0.026075848	0.0079153950579
Goose Bay,2010	0.053356256	0.022848095	0.033554697	0.00789604139127
Goose Bay,2011	0.104135819	0.020420221	0.034265699	0.0128767906542
Goose Bay,2012	0.050884339	0.016356966	0.031923939	0.00743717158894
Goose Bay,2013	0.049263994	0.022868884	0.038308476	0.00700715750151
Goose Bay,2014	0.045543718	0.02086177	0.029758268	0.00719291151514
Goose Bay,2015	0.054248763	0.023131337	0.0281342755	0.00795309731688
Goose Bay,2016	0.052178872	0.023625143	0.031017992	0.0080885711847
Goose Bay,2017	0.048312299	0.025424976	0.038993264	0.00976128856987
Greenwood,2009	0.064805921	0.016900445	0.026920305	0.0103192785163
Greenwood,2010	0.050252176	0.020499248	0.033974753	0.0070593387234
Greenwood,2011	0.048292448	0.019933455	0.03081709	0.00736523765191
Greenwood,2012	0.050711447	0.021182853	0.031501182	0.00752469602053
Greenwood,2013	0.047295532	0.021854482	0.0362316725	0.00686984842623
Greenwood,2014	0.042111171	0.021252767	0.0272749615	0.00716118189832
Greenwood,2015	0.046434494	0.019238869	0.027080409	0.00654101990261
Greenwood,2016	0.088788959	0.020929478	0.029214833	0.0118225019022
Greenwood,2017	0.043094212	0.022932397	0.02947829	0.00735851793962
Halifax,2009	0.051980034	0.01155074	0.0255273825	0.00832686517675
Halifax,2010	0.055417557	0.012561311	0.035355701	0.00849665309722
Halifax,2011	0.050853505	0.019286266	0.028360067	0.00769813908502
Halifax,2012	0.05063687	0.014201912	0.032912569	0.00747043760771
Halifax,2013	0.049746399	0.013706156	0.028188602	0.00778785039889
Halifax,2014	0.045545093	0.010372409	0.035442389	0.00807514089387
Halifax,2015	0.122788785	0.00810495	0.032238818	0.0165822316662
Halifax,2016	0.047896179	0.014161413	0.026874845	0.00854019108836
Halifax,2017	0.052651707	0.025553657	0.039850164	0.00953632854096
Inuvik,2009	1.044147066	0.015026535	0.029270361	0.144893635938
Inuvik,2010	0.050823925	0.023119046	0.034517212	0.00779008770052
Inuvik,2011	0.057767193	0.022305294	0.033164282	0.0091319990855
Inuvik,2012	0.06966782	0.023915851	0.036035445	0.00907542094844
Inuvik,2013	0.04583038	0.02305966	0.033259045	0.00694901271981
Inuvik,2014	0.063140803	0.02217576	0.029117831	0.0081515065819
Inuvik,2015	0.098952251	0.023261661	0.0292701045	0.0126195249972
Inuvik,2016	0.047700603	0.022500756	0.0286533375	0.00806137203763
Inuvik,2017	0.04813188	0.025463849	0.042162278	0.00930160339681
Iqaluit,2014	0.008623512	0.005230467	0.0072815095	0.00145770048619
Iqaluit,2015	0.008833467	0.00443792	0.005455351	0.00126343209088
Iqaluit,2016	0.034730441	0.004201778	0.0052455025	0.00422972063908
Iqaluit,2017	0.007424727	0.004611694	0.005599278	0.00113950179956
Kuujjuarapik,2009	0.066893524	0.013642717	0.025143724	0.00990836183541
Kuujjuarapik,2010	0.258320855	0.013489252	0.031931937	0.0336648453452
Kuujjuarapik,2011	0.057398189	0.015643939	0.031414209	0.00939293503611
Kuujjuarapik,2012	0.063413053	0.019018972	0.0319975345	0.0104348016188
Kuujjuarapik,2013	0.16200401	0.012350976	0.0361453605	0.0209422889232
Kuujjuarapik,2014	0.053450353	0.01666664	0.027664106	0.00802826224258
Kuujjuarapik,2015	0.053039295	0.008893183	0.0316722695	0.00927716899441
Kuujjuarapik,2016	0.067124397	0.007421897	0.026641112	0.011356540532
Kuujjuarapik,2017	0.041816447	0.015813266	0.024136628	0.00954937054644
Moncton,2009	0.123952996	0.019983545	0.028103461	0.0158871878935
Moncton,2010	0.088867237	0.015729203	0.036487709	0.0116466114241
Moncton,2011	0.051713887	0.020485631	0.0337337995	0.00865252117781
Moncton,2012	0.099118164	0.021884867	0.0291614515	0.0133097671268
Moncton,2013	0.056299467	0.020046204	0.034420502	0.00760666349122
Moncton,2014	0.066841277	0.021175884	0.027509325	0.00875373842469
Moncton,2015	0.505067247	0.022085545	0.0267790495	0.0736012123407
Moncton,2016	0.047133418	0.02255969	0.028048693	0.00767909581662
Moncton,2017	0.058870445	0.02425943	0.042818331	0.0125269998902
Montreal,2009	0.059453825	0.019071394	0.0303972165	0.00841654745167
Montreal,2010	0.045421984	0.020380316	0.0297766635	0.00670487224024
Montreal,2011	0.047609123	0.019942818	0.029645361	0.0074092669082
Montreal,2012	0.05095504	0.019036974	0.029180666	0.00780015227048
Montreal,2013	0.068424624	0.020138347	0.030537571	0.00919059541598
Montreal,2014	0.047424836	0.019677486	0.028047916	0.00732410454893
Montreal,2015	0.046298147	0.019873258	0.027679799	0.00746547045567
Montreal,2016	0.056021338	0.018379377	0.031705938	0.00875885260612
Montreal,2017	0.054468434	0.012970821	0.031974585	0.0126136644716
Moosonee,2009	0.064351807	0.019638523	0.026124888	0.009134480908
Moosonee,2010	0.046051657	0.022226477	0.032918048	0.00670150957147
Moosonee,2011	0.053052769	0.021824377	0.031395244	0.00773847988582
Moosonee,2012	0.054256186	0.021519721	0.030227348	0.00821290282895
Moosonee,2013	0.147234411	0.019900125	0.029287706	0.0177647645491
Moosonee,2014	0.045322921	0.022184381	0.0299533945	0.00717447487903
Moosonee,2015	0.046815862	0.023145997	0.027803961	0.00750000327226
Moosonee,2016	0.070268317	0.023262629	0.029269409	0.00945441290026
Moosonee,2017	0.04773382	0.024899876	0.028537992	0.00958515232348
Ottawa,2009	0.065883272	0.019448989	0.026944583	0.00878080097001
Ottawa,2010	0.04429918	0.0143078	0.028895303	0.00689683148747
Ottawa,2011	0.043720331	0.021198697	0.0286246515	0.00712528178946
Ottawa,2012	0.055911807	0.021522743	0.030392585	0.00708605042798
Ottawa,2013	0.052088515	0.014913006	0.03553234	0.00777860098454
Ottawa,2014	0.041242796	0.012756698	0.0260101185	0.00747993853097
Ottawa,2015	0.0495344	0.012930855	0.026389897	0.00788154807479
Ottawa,2016	0.053460875	0.01258171	0.026279534	0.00947226510219
Ottawa,2017	0.039083833	0.021056222	0.0273485235	0.00691950911843
Port Hope,2009	0.078264136	0.020026082	0.027337479	0.0203799411821
Port Hope,2010	0.054465789	0.019278319	0.031414951	0.00737880827515
Port Hope,2011	0.05797028	0.016886679	0.0273091955	0.00788816629697
Port Hope,2012	0.052439027	0.020481181	0.029184908	0.00732703509985
Port Hope,2013	0.044415279	0.018135602	0.0285696725	0.00740093869554
Port Hope,2014	0.041505891	0.020424145	0.0274153385	0.00650672963178
Port Hope,2015	0.046926646	0.01902577	0.0294249725	0.00802936673851
Port Hope,2016	0.100888409	0.021903727	0.0275320745	0.0120957348746
Port Hope,2017	0.047108233	0.024601629	0.028468405	0.00943858562152
Quebec City,2009	0.046808145	0.019912693	0.027526512	0.00754836251753
Quebec City,2010	0.053725511	0.021948917	0.0302640155	0.00679704485833
Quebec City,2011	0.055820907	0.021108946	0.0289531115	0.00815427999356
Quebec City,2012	0.095496231	0.016103481	0.031507087	0.0113871473455
Quebec City,2013	0.044449878	0.018631101	0.031165931	0.00726755917962
Quebec City,2014	0.056352228	0.002774109	0.024913135	0.0105927749956
Quebec City,2015	0.054384326	0.013091137	0.026308008	0.0093238814691
Quebec City,2016	0.048449727	0.009038215	0.024747004	0.0105182228338
Quebec City,2017	0.043205327	0.024617364	0.03017662	0.00698915591146
RPB,2009	0.087921493	0.012398573	0.02771267	0.014046934346
RPB,2010	0.421629986	0.012713694	0.027524949	0.0566506536513
RPB,2011	0.046856618	0.010876169	0.026835316	0.00710832365043
RPB,2012	0.044022665	0.007802337	0.028678144	0.00733699077121
RPB,2013	0.045899511	0.018864272	0.028015382	0.00657255517715
RPB,2014	0.043173517	0.018216397	0.0310532615	0.00672731964681
RPB,2015	0.053853401	0.017728756	0.024551875	0.00727391581249
RPB,2016	0.047670793	0.012372232	0.032817376	0.00827358225656
RPB,2017	0.041683355	0.01975709	0.026211937	0.00789541355643
Regina,2009	0.076772318	0.015505	0.027861232	0.0118710141683
Regina,2010	0.059331847	0.0163026	0.03210772	0.00821775677206
Regina,2011	0.046427303	0.019772424	0.028236387	0.00703759317639
Regina,2012	0.038923812	0.021974293	0.026890334	0.00645092394853
Resolute,2009	0.060251285	0.011189161	0.0243720165	0.00874917478362
Resolute,2010	0.071190363	0.008333152	0.0265860815	0.0077970469248
Resolute,2011	0.071330804	0.001986013	0.027911762	0.0077544557216
Resolute,2012	0.058122581	0.008635033	0.030661227	0.0099061016634
Resolute,2013	0.045564266	0.006445345	0.025425135	0.00840510220935
Resolute,2014	0.070392408	0.010482659	0.029017657	0.00940229175346
Resolute,2015	0.06236587	0.009631089	0.0277488245	0.0104423562913
Resolute,2016	0.054453063	0.009459605	0.02928372	0.00890163197881
Resolute,2017	0.062066769	0.009266478	0.0320434475	0.0125309181511
Saskatoon,2014	0.027971521	0.021946114	0.0256057875	0.00192912329809
Saskatoon,2015	0.044794051	0.013141048	0.027275707	0.00735233947938
Saskatoon,2016	0.046013917	0.020532033	0.026893988	0.00775564648719
Saskatoon,2017	0.039245834	0.022156994	0.027953357	0.00613040437353
Sidney,2010	0.05157723	0.010007429	0.024637326	0.00808909584087
Sidney,2011	0.050547766	0.01337607	0.029880894	0.00726383184985
Sidney,2012	0.043352027	0.008812242	0.031214599	0.00667028739796
Sidney,2013	0.062517855	0.011686068	0.027768623	0.00676816067348
Sidney,2014	0.059971102	0.01696574	0.026320571	0.00659225967554
Sidney,2015	0.037628325	0.012499038	0.023317959	0.00591262827153
Sidney,2016	0.043061974	0.018024747	0.024342624	0.00667688086847
Sidney,2017	0.043111754	0.018732554	0.024308728	0.00739997464812
St. Johns,2009	0.051335152	0.045502522	0.050279243	0.00310782828904
Toronto,2009	0.07034286	0.020999241	0.028844366	0.0110395236514
Toronto,2010	0.047048925	0.021287249	0.030736281	0.0071068045479
Toronto,2011	0.066898778	0.020575044	0.0309109965	0.00862011105903
Toronto,2012	0.056033455	0.022078591	0.030797456	0.00783622459384
Toronto,2013	0.0499665	0.017961557	0.034743456	0.00781833472672
Toronto,2014	0.048843977	0.019960541	0.0334938195	0.00709810135015
Toronto,2015	0.058410197	0.019736602	0.029323153	0.00852920375369
Toronto,2016	0.054694628	0.020932218	0.028662133	0.00908572241404
Toronto,2017	0.040361277	0.024695524	0.029638626	0.00553349527943
Vancouver,2009	0.048536607	0.012820456	0.02746085	0.00829016408519
Vancouver,2010	0.055015294	0.015931955	0.03084118	0.00963264656853
Vancouver,2011	0.054313285	0.015051732	0.02823972	0.00806309886283
Vancouver,2012	0.060391276	0.013484727	0.02860599	0.00991921219713
Vancouver,2013	0.046787523	0.014742877	0.0270604725	0.0078715974592
Vancouver,2014	0.048816141	0.00802382	0.0275534925	0.00923744320452
Vancouver,2015	0.045122082	0.015613938	0.0266552225	0.0071755687035
Vancouver,2016	0.117151894	0.014291721	0.028109718	0.0147859530638
Vancouver,2017	0.045430228	0.022311944	0.025812762	0.00869084504291
Whitehorse,2009	0.097320561	0.015312871	0.0290871525	0.0156332440378
Whitehorse,2010	0.078421886	0.013887394	0.031210003	0.0121050016106
Whitehorse,2011	0.154028792	0.010900775	0.031398867	0.0202212605437
Whitehorse,2012	0.071610841	0.015469158	0.031443108	0.0107824183374
Whitehorse,2013	0.048612074	0.016630656	0.0317701695	0.00775192066748
Whitehorse,2014	0.096531318	0.017113721	0.0304496925	0.0126392370771
Whitehorse,2015	1.200445087	0.017405122	0.0294460705	0.165554835718
Whitehorse,2016	0.069045107	0.008323744	0.030422614	0.0119427038477
Whitehorse,2017	0.041532108	0.02040229	0.026895736	0.00729401617897
Winnipeg,2009	0.063123152	0.012558708	0.026092355	0.00924439312507
Winnipeg,2010	0.056058743	0.01846494	0.03404209	0.00925627012727
Winnipeg,2011	0.078821504	0.01617704	0.034868351	0.0108993191482
Winnipeg,2012	0.07058058	0.021626476	0.034515733	0.00992786394166
Winnipeg,2013	0.05932482	0.017790336	0.0360388795	0.0089917289641
Winnipeg,2014	0.058148072	0.012331681	0.031809327	0.00850215182533
Winnipeg,2015	0.051802745	0.021578356	0.032337217	0.00855107091121
Winnipeg,2016	0.059425852	0.016726473	0.030276972	0.0100585113762
Winnipeg,2017	0.039384817	0.012894415	0.030439521	0.00798057842002
